%   See Rules_Summary.docx for meaning of these thresholds

%   Expected Values

T6 = 25;
T7 = 140;
T8 = 22;
T9 = 100;
T10 = 21;
P4 = 2500;
P5 = 7250;
P6 = 7250;
N2 = 1;
K1 = 1.5;
K2 = 8.4;

%   Warning Levels (High)

T11 = 35;
T12 = 155;
T13 = 24;
T14 = 120;
T15 = 21;
P7 = 2600;
P8 = 7510;
P9 = 7510;
N3 = 2;

%   Error Thresholds
E1 = 5;
E2 = 5;
E3 = 5;
E4 = 5;
E5 = 5;
E6 = 100;
E7 = 100;
E8 = 100;
E9 = 100;





